84	25
21	7
26	63
20	94
8	38
83	89
79	59
92	26
30	49
21	46
89	78
73	80
56	76
31	63
51	42
39	21
44	80
21	56
98	28
35	32
20	83
50	75
61	96
27	80
33	75
25	88
93	72
84	32
89	92
64	28
49	31
94	63
76	58
54	52
1	8
96	35
84	20
16	28
52	76
71	21
19	61
44	68
32	39
71	56
99	61
79	56
2	46
32	25
69	9
83	87
97	53
46	46
98	3
12	17
3	7
66	30
59	76
43	97
33	74
64	57
1	36
23	66
95	57
89	37
37	5
96	68
48	91
82	53
64	6
5	90
94	38
60	17
82	9
28	41
46	8
10	45
70	42
73	78
17	80
4	74
68	10
37	28
79	22
13	94
48	72
50	72
24	9
73	58
91	40
51	76
77	86
96	95
15	30
7	97
53	7
61	38
6	41
90	71
100	57
58	81
43	69
26	49
49	96
69	97
26	53
69	34
36	67
19	85
4	87
44	7
61	12
37	64
11	31
65	2
56	43
28	2
14	58
91	35
63	32
33	4
75	39
100	36
70	7
70	61
25	86
39	42
53	49
96	59
55	51
82	28
89	5
80	48
90	20
4	7
43	23
83	34
10	21
70	67
59	96
96	49
30	15
44	68
37	86
30	18
56	52
58	21
81	37
18	6
59	96
47	38
86	87
6	18
41	81
57	31
97	52
36	73
8	31
39	62
34	61
15	95
30	10
61	25
78	70
88	48
32	52
3	77
81	58
50	50
10	24
80	54
29	63
25	27
65	92
32	11
1	33
77	64
20	94
79	90
68	25
34	39
47	79
60	7
3	20
27	58
1	62
39	49
30	36
46	18
20	30
44	60
25	41
9	2
61	34
30	32
41	24
6	7
39	29
47	98
13	10
37	36
27	86
30	3
45	76
2	58
64	40
80	77
2	98
64	53
17	5
47	69
19	94
12	33
29	81
26	7
24	97
5	82
5	100
85	7
22	84
46	80
97	37
13	34
37	43
15	47
46	96
10	49
91	27
53	64
97	59
82	81
100	2
7	54
58	51
62	6
51	10
63	14
83	15
46	71
92	41
15	26
62	5
92	99
21	86
59	79
81	45
63	21
31	73
68	36
6	31
27	88
60	46
15	8
76	21
43	15
63	60
12	84
78	35
7	6
54	48
69	30
69	79
77	43
48	30
84	75
66	83
3	1
66	57
95	56
21	86
78	32
10	19
31	74
27	90
54	8
91	89
29	56
8	74
89	90
43	15
12	65
80	30
2	9
41	3
80	65
38	7
19	71
55	56
85	35
36	49
70	63
13	14
51	82
44	30
20	33
77	35
34	52
66	97
17	39
70	16
62	10
3	90
98	15
7	13
12	19
62	30
4	99
54	6
66	53
70	81
14	49
47	14
98	89
3	32
38	41
45	92
15	27
6	34
31	51
25	84
31	75
24	12
92	36
59	72
32	71
49	62
24	40
58	77
83	17
84	61
34	40
27	25
7	92
83	9
88	11
6	40
24	85
24	37
11	82
83	26
55	82
2	94
28	7
12	40
45	20
94	13
13	23
58	94
65	11
44	89
26	92
50	57
13	93
42	2
79	98
61	38
76	30
81	41
84	44
1	4
96	89
38	42
63	58
42	25
22	27
6	92
15	62
90	24
65	87
72	91
31	44
21	24
38	50
84	68
9	84
64	15
91	55
63	54
5	73
32	73
17	83
24	85
100	5
19	70
8	45
1	66
59	68
100	36
16	97
31	68
6	3
57	73
91	90
36	57
24	44
59	43
54	93
86	58
17	99
13	93
21	24
69	74
72	29
74	60
90	87
48	57
5	28
29	54
21	44
47	35
74	100
64	15
74	13
3	99
45	43
51	74
57	62
29	18
81	94
6	100
23	11
6	10
64	42
99	1
71	84
59	87
86	18
23	27
71	65
59	44
11	60
47	75
87	67
44	79
39	11
87	39
30	51
7	24
33	100
83	24
59	53
61	87
41	49
15	29
84	99
95	12
41	57
82	70
62	88
48	8
37	45
48	19
59	57
73	15
85	95
40	87
42	75
16	35
40	74
88	33
41	71
33	57
91	78
68	77
94	42
3	12
3	78
42	56
57	63
33	92
14	28
93	24
12	85
8	41
75	61
34	61
12	40
42	95
71	97
95	3
51	9
44	20
86	32
42	79
42	8
21	86
4	35
23	86
20	75
69	91
14	86
17	24
39	86
10	79
61	19
93	7
92	46
85	70
86	77
81	23
24	95
97	38
61	24
70	29
5	14
63	72
93	79
94	89
77	19
16	85
7	100
94	17
54	27
91	82
28	11
67	53
11	40
68	56
95	69
84	71
74	73
54	3
50	8
89	76
31	88
85	62
65	75
75	63
36	12
37	2
26	75
94	6
75	31
38	5
60	23
89	17
63	44
42	4
36	35
92	33
89	92
48	55
8	63
65	16
63	63
45	59
16	3
38	12
27	45
66	29
32	14
34	94
40	78
46	49
71	86
93	69
17	46
15	29
17	71
99	74
27	35
6	33
79	31
93	56
65	11
15	18
95	46
28	86
2	44
99	100
5	15
37	5
92	54
54	63
86	96
92	38
29	99
67	43
84	96
10	48
43	70
29	98
34	78
47	77
95	42
4	48
88	54
83	82
51	51
51	28
64	97
58	23
29	51
11	11
27	53
87	42
84	15
28	74
2	16
49	60
34	10
65	26
43	34
28	40
35	86
21	39
14	36
80	24
74	52
54	86
56	77
19	12
41	38
89	21
47	18
93	34
72	27
56	97
49	10
33	29
96	53
76	71
32	39
22	31
91	32
11	12
51	31
87	65
84	98
27	67
70	22
30	27
5	8
32	12
49	93
68	59
87	72
57	92
77	34
47	54
20	79
31	40
23	3
70	68
75	38
24	26
1	45
70	82
84	60
55	9
75	66
37	58
18	67
5	46
65	22
31	48
42	50
53	8
53	44
33	47
20	29
79	46
91	9
49	53
63	73
4	86
99	30
99	27
58	61
4	88
2	30
65	23
30	10
87	86
60	37
72	99
84	7
79	38
24	71
81	27
66	88
6	50
37	40
79	10
61	82
80	77
9	52
21	26
63	90
35	6
69	41
77	88
91	81
89	99
63	98
82	51
98	52
87	59
92	35
23	24
98	34
81	31
72	4
73	93
8	46
92	43
55	89
66	37
51	66
57	21
18	11
56	17
51	6
51	34
30	57
21	13
28	51
19	96
40	33
64	3
15	33
43	8
56	90
62	87
27	30
89	36
5	41
82	65
57	76
17	67
22	92
87	3
71	35
14	84
47	96
9	72
33	6
27	86
61	95
77	14
17	21
28	34
5	69
75	10
47	22
35	97
24	90
6	56
42	43
10	50
10	15
83	48
96	55
56	96
51	37
49	76
96	11
41	64
78	84
39	80
12	46
38	33
10	67
11	42
48	55
12	39
60	25
54	32
83	47
6	77
53	12
74	55
32	20
8	17
5	73
76	39
69	32
77	99
57	66
45	76
56	41
34	71
27	93
13	33
84	25
23	35
100	60
70	36
93	58
50	59
33	52
13	55
77	93
49	7
97	86
8	29
52	34
42	10
81	23
59	41
76	37
80	47
80	27
44	8
55	34
99	3
72	25
35	27
48	44
16	27
71	17
89	76
13	38
27	15
70	35
27	57
76	95
85	38
84	24
18	10
66	51
70	94
52	59
56	31
13	75
61	93
65	53
17	9
10	72
21	9
44	79
62	30
4	32
51	44
96	75
75	85
66	91
7	29
73	79
81	14
8	71
11	57
81	16
42	86
76	12
63	49
78	48
55	93
82	69
90	82
89	56
2	89
73	54
78	25
55	80
15	8
92	34
60	88
95	12
65	81
6	92
90	20
48	28
67	41
49	40
46	67
28	79
63	24
47	7
88	6
77	34
54	56
31	16
8	93
1	75
97	56
34	88
34	49
16	20
34	41
75	57
25	61
9	89
27	51
96	84
27	52
87	87
48	92
99	67
25	73
62	22
7	24
81	50
1	17
82	99
2	65
83	85
8	8
52	21
70	25
40	27
6	20
82	43
56	14
59	49
12	35
42	33
51	60
48	7
81	58
88	34
48	99
72	99
62	66
71	41
1	30
16	34
90	46
53	60
5	46
67	92
14	28
72	73
70	44
85	93
95	21
97	48
98	33
84	100
7	36
32	38
90	96
34	19
70	65
97	100
99	99
76	84
98	13
47	20
58	36
93	22
13	4
16	53
90	62
11	88
5	98
83	64
98	39
18	83
8	31
77	38
35	64
69	87
18	15
98	8
90	83
8	35
80	67
35	52
48	83
37	90
3	57
71	34
95	52
3	96
51	25
96	31
23	43
66	2
54	73
94	98
22	99
39	30
57	13
1	2
98	98
66	88
93	23
98	48
88	35
55	73
68	97
85	52
32	44
87	60
57	42
2	5
81	81
23	9
48	42
62	85
66	15
72	27
83	78
76	78
89	21
94	88
71	84
13	31
34	36
61	14
64	30
20	51
92	24
86	81
72	55
94	80
88	35
56	95
30	27
2	17
14	42
88	16
55	98
72	100
2	55
18	37
72	30
39	75
43	50
97	79
60	93
14	1
89	73
35	53
41	84
69	59
93	11
48	21
38	35
90	28
6	100
20	10
92	60
32	55
7	97
25	75
17	88
16	14
77	88
58	15
15	11
54	66
30	33
38	45
26	66
98	46
53	98
28	29
34	42
43	65
19	90
3	49
77	97
96	14
27	38
89	34
61	91
16	16
45	20
47	90
63	33
91	37
8	86
38	70
35	56
44	9
3	28
96	90
49	87
46	24
86	74
83	48
7	15
39	88
3	17
33	74
75	90
82	8
64	73
11	78
23	77
47	47
75	36
14	65
32	21
87	41
95	99
5	21
8	11
36	61
39	43
7	63
6	96
72	59
28	96
10	12
2	57
64	10
89	9
32	24
58	59
59	13
99	61
42	20
2	42
8	4
76	78
72	59
23	45
91	99
43	80
24	74
46	38
14	57
39	22
12	43
14	33
93	16
94	58
86	25
17	14
48	99
68	37
52	7
47	92
71	90
44	74
44	20
43	29
55	14
97	49
47	58
85	74
56	22
34	4
85	79
79	5
61	68
5	19
94	96
17	81
24	52
83	47
95	62
5	51
75	98
43	27
5	33
36	45
86	37
88	60
84	100
59	71
84	20
90	60
44	92
10	32
27	76
92	94
58	67
47	27
76	6
73	98
1	88
54	66
59	92
55	79
79	13
52	12
100	27
34	26
5	23
55	51
34	11
69	46
84	23
29	77
43	98
86	32
18	93
83	65
97	21
42	80
24	27
24	68
19	37
99	80
17	70
45	95
23	68
6	9
95	37
17	46
48	28
18	56
3	13
30	53
63	14
55	80
17	99
14	55
85	19
41	47
11	96
12	39
38	84
69	31
50	12
40	66
43	87
39	51
51	30
97	82
46	24
98	71
18	21
45	62
52	39
85	70
7	10
29	54
52	29
46	10
63	99
48	28
61	97
42	50
89	74
63	46
52	44
68	9
95	15
31	70
9	37
92	28
50	21
51	25
27	78
7	5
55	15
78	47
64	14
21	32
92	55
14	32
66	82
4	53
65	54
48	29
85	33
48	37
15	55
39	57
53	49
69	27
73	14
35	57
59	11
23	61
19	89
93	90
60	73
40	45
41	37
99	100
75	86
16	3
6	10
64	7
33	68
9	17
44	5
41	21
58	93
55	66
74	44
14	67
21	67
44	10
23	36
29	68
95	91
66	2
78	56
54	42
6	99
96	42
67	69
30	82
53	95
97	39
20	100
72	6
65	79
56	42
52	81
90	80
23	85
57	87
12	38
76	61
58	98
8	22
11	50
58	85
79	27
22	25
19	14
96	91
20	37
22	80
20	50
15	38
8	65
78	93
13	15
3	86
75	72
41	6
45	85
48	4
99	59
58	49
75	31
33	33
4	15
51	89
23	51
60	17
7	32
96	50
79	84
98	90
45	11
21	65
28	72
88	14
22	38
95	96
53	47
81	22
37	66
95	20
54	2
87	59
16	3
77	17
90	20
40	33
28	85
49	37
83	15
89	41
49	91
34	3
47	93
2	17
54	7
57	32
24	1
14	73
89	1
59	100
90	41
45	51
27	52
35	73
6	27
34	13
55	79
85	65
28	55
60	92
67	42
47	40
67	56
7	89
35	21
58	95
11	29
80	41
70	45
37	88
34	25
55	35
80	90
25	49
15	98
56	85
15	5
39	52
35	53
100	5
22	5
27	20
34	55
86	50
76	73
88	14
98	17
11	24
82	88
6	78
27	97
84	44
98	81
30	73
6	44
20	4
78	91
100	91
24	13
58	31
55	60
50	56
44	54
93	76
61	89
50	52
22	66
13	100
89	44
88	8
28	93
74	8
68	58
29	63
77	88
63	15
74	60
7	7
15	14
63	61
81	60
58	40
63	62
86	46
2	66
42	34
87	45
19	99
50	25
79	70
79	4
51	53
25	94
24	32
73	95
5	50
4	41
4	74
72	38
34	15
10	15
91	5
77	66
79	96
53	95
16	36
2	73
73	18
5	61
92	49
97	36
100	26
19	79
85	97
15	23
43	70
75	57
90	75
17	43
12	64
8	3
41	25
11	68
22	81
81	38
94	24
77	11
66	71
81	51
29	64
21	48
24	57
4	35
26	49
24	82
62	30
36	72
45	59
35	15
100	14
54	50
49	3
55	81
43	48
32	4
67	48
63	60
55	100
47	99
82	36
72	35
91	26
98	66
10	58
19	7
22	18
53	36
14	15
46	18
15	24
20	10
63	10
97	70
100	44
75	56
74	19
76	9
66	67
43	20
14	36
84	25
61	82
41	27
58	71
30	34
52	46
34	90
97	55
89	70
51	49
55	24
76	26
99	43
23	42
74	40
36	97
44	35
42	28
92	53
3	91
23	20
88	53
11	91
66	28
85	33
73	29
9	42
77	65
79	29
35	94
19	55
42	35
60	24
20	93
18	75
93	25
46	63
57	64
17	70
20	40
83	64
16	85
42	89
52	87
72	44
62	31
60	94
96	36
38	36
34	19
7	90
54	3
53	70
25	88
41	61
52	36
47	60
83	41
57	46
23	57
48	95
37	14
99	54
79	63
62	40
83	33
41	53
75	40
50	98
32	71
32	50
12	48
67	27
20	50
7	13
23	8
17	86
71	48
84	92
34	52
81	19
54	64
100	67
42	48
64	81
46	43
63	89
100	93
54	85
5	97
63	29
17	100
61	60
14	63
44	7
52	16
64	1
57	88
42	81
54	89
42	19
92	74
39	39
92	55
19	4
17	50
47	29
35	87
85	4
71	65
2	48
75	35
8	1
46	47
5	90
39	49
86	41
47	29
73	14
58	69
53	55
37	62
62	9
56	1
84	76
74	85
53	45
86	14
46	57
48	47
10	11
23	47
13	19
68	88
44	58
76	38
51	77
96	6
64	34
35	3
6	80
84	51
77	87
82	54
67	78
23	84
22	48
95	19
21	97
60	70
70	51
31	27
91	78
72	61
92	74
63	17
14	43
37	92
91	10
91	55
24	34
74	29
65	10
78	76
91	44
92	36
48	87
36	89
84	66
53	53
31	95
38	75
34	35
51	79
70	35
98	46
62	83
64	8
99	64
84	67
10	58
62	87
57	46
81	79
32	69
63	29
40	95
29	77
18	98
50	42
80	19
26	68
27	65
45	100
66	18
60	63
92	21
93	79
24	62
37	50
73	25
95	7
64	80
66	45
77	84
86	86
53	55
10	73
31	92
53	63
46	11
32	10
78	27
67	87
41	45
95	10
20	27
89	3
33	64
9	42
87	72
3	40
50	14
91	99
45	98
96	20
16	1
95	65
61	51
18	63
71	37
15	60
4	29
81	63
91	7
40	72
47	31
4	29
37	4
68	96
36	5
68	12
96	41
41	60
10	84
37	93
60	83
68	45
35	89
77	99
13	56
62	93
12	14
61	78
7	93
51	64
94	68
25	65
1	33
78	46
11	85
19	80
9	42
33	55
46	38
70	60
39	51
20	84
10	29
27	50
94	1
67	10
27	53
9	51
30	57
36	53
17	47
72	98
53	39
29	29
83	37
45	72
85	1
39	49
78	23
68	64
2	32
61	93
67	96
78	84
78	54
88	66
80	88
30	74
21	88
18	4
63	10
34	99
77	55
22	73
11	57
77	1
33	79
90	30
74	22
43	21
52	33
74	88
20	92
43	85
22	60
82	2
53	43
91	72
62	43
33	78
16	20
18	62
16	28
52	20
5	48
24	84
57	17
69	72
39	33
65	44
6	5
59	56
63	20
15	63
21	91
76	76
62	99
60	28
85	75
56	74
99	90
31	83
39	21
74	87
89	62
8	34
84	2
33	75
54	56
42	2
37	95
77	23
88	10
94	11
17	66
20	74
88	46
36	25
73	10
42	92
21	15
94	5
61	65
45	98
46	9
10	9
9	1
81	16
11	16
89	41
29	31
6	94
24	56
73	80
89	39
2	36
45	72
38	16
21	35
80	32
87	84
41	39
12	44
60	39
4	75
14	3
69	62
54	5
23	100
58	39
90	31
25	16
4	83
11	41
56	62
95	39
83	52
93	63
26	65
43	69
87	86
30	39
43	98
82	79
60	40
37	20
75	23
26	96
51	77
94	38
9	59
26	67
99	42
91	36
46	16
29	85
36	52
90	67
25	38
34	75
99	8
61	11
61	8
96	70
36	91
56	53
38	93
13	85
5	3
13	59
56	92
92	57
95	13
13	70
13	53
69	98
35	69
80	82
43	49
93	24
50	41
73	51
31	89
75	89
90	41
33	69
51	24
26	31
96	5
18	82
50	6
10	73
73	66
66	10
99	44
9	2
45	64
100	67
28	26
38	28
39	60
82	22
3	43
20	56
8	44
35	98
92	72
37	30
14	34
6	77
30	76
22	96
58	82
34	82
61	56
3	58
15	88
45	59
34	21
42	12
15	62
27	99
90	21
6	99
7	98
85	80
57	72
73	84
74	70
2	93
42	61
28	21
40	47
30	100
50	52
34	5
61	84
62	16
56	18
25	84
71	4
53	33
2	51
93	99
4	12
46	95
87	8
85	6
30	1
54	52
47	67
31	91
37	87
52	97
26	63
8	12
62	28
53	43
70	60
63	66
79	16
34	51
48	77
51	13
83	78
20	60
22	1
61	31
22	75
31	17
48	3
87	15
55	32
20	80
12	11
92	47
84	25
73	88
75	65
59	68
2	51
22	73
47	60
19	1
70	63
74	56
31	43
74	90
6	34
88	41
49	64
73	42
48	40
55	7
31	1
45	50
73	38
80	33
31	90
51	80
39	60
42	71
10	13
69	37
35	78
76	3
89	1
21	34
83	68
88	76
59	21
39	17
32	64
64	31
43	72
22	95
69	39
96	66
21	78
88	67
89	90
67	84
77	80
24	32
40	46
86	24
96	79
80	51
64	75
39	82
51	99
42	17
14	69
20	61
40	70
92	60
100	96
93	35
38	3
94	42
31	67
75	29
89	42
97	56
65	87
47	54
59	66
79	15
63	89
3	58
62	57
77	90
31	38
71	93
56	24
46	32
86	11
99	35
72	45
36	63
98	63
62	75
33	6
100	38
90	64
8	65
5	29
49	27
27	36
13	98
77	55
31	58
14	17
51	61
67	1
12	63
96	29
78	66
51	81
100	25
9	37
98	84
26	97
27	70
21	2
54	75
76	53
64	74
40	15
73	46
57	83
47	71
46	27
3	19
45	54
13	70
49	95
74	32
17	93
55	55
2	67
79	38
20	38
1	49
36	75
94	10
11	85
24	49
18	65
58	35
3	84
9	31
8	60
23	39
40	84
78	2
87	39
57	68
71	21
4	62
93	26
53	35
64	2
2	100
67	19
44	24
55	99
24	82
75	78
32	93
56	22
95	36
11	68
40	18
72	76
61	96
13	44
5	95
1	55
4	82
84	30
55	71
35	15
67	15
67	57
61	91
76	8
22	67
17	15
93	30
70	42
88	35
98	89
98	45
10	72
18	44
72	44
25	46
50	37
1	48
92	27
99	99
82	26
67	97
41	88
85	66
45	48
89	91
84	81
19	21
26	98
29	31
68	8
54	87
9	100
11	16
91	27
31	79
73	43
48	69
31	75
48	24
83	50
45	96
28	81
17	85
87	85
83	11
97	32
71	29
6	59
56	45
47	57
76	90
69	37
4	54
90	54
51	10
63	88
6	57
100	74
18	96
96	58
25	71
80	76
75	100
47	49
57	22
22	9
96	3
83	8
72	50
63	24
98	75
6	91
35	49
12	27
81	42
48	60
43	30
23	13
14	88
97	45
59	56
22	62
24	91
19	10
2	2
44	54
26	81
88	76
46	10
56	49
11	44
90	22
36	93
93	85
42	82
42	66
83	36
24	88
89	26
95	45
21	22
86	18
60	83
39	84
12	74
48	48
89	10
99	40
80	32
90	58
58	17
39	53
8	1
46	70
42	55
72	88
70	68
62	79
64	61
57	71
55	51
95	34
5	13
32	75
74	46
1	19
55	8
66	20
75	11
44	69
57	23
47	8
44	5
61	9
97	68
33	90
1	77
3	72
41	54
69	42
20	4
43	39
100	41
65	86
76	33
92	37
16	43
23	76
62	20
58	62
37	74
88	65
73	57
11	26
91	24
47	36
55	15
2	10
97	40
77	88
49	42
47	1
3	89
60	18
33	32
78	85
58	96
75	98
58	100
35	64
62	55
69	22
43	68
78	50
88	2
33	15
53	74
16	86
17	68
29	2
35	60
96	7
80	72
20	77
5	28
48	59
50	53
26	61
83	90
80	97
96	37
92	14
79	19
19	21
66	72
21	25
86	7
22	49
94	96
70	67
93	74
46	54
6	35
69	96
74	56
98	89
47	48
75	98
20	36
25	35
73	44
44	17
19	70
91	56
98	24
69	45
91	16
47	46
11	62
36	41
39	71
64	3
29	36
17	21
2	42
28	77
68	66
70	4
23	40
20	31
47	61
45	48
19	40
91	2
42	78
22	84
96	64
45	72
60	9
50	22
12	45
83	7
62	12
65	7
39	19
62	56
64	21
95	7
3	81
5	21
6	24
69	57
6	41
12	1
10	56
38	12
62	42
28	12
11	6
4	18
39	60
96	7
66	28
31	15
13	27
26	35
16	71
43	59
10	72
27	89
79	69
41	34
42	67
8	78
93	20
71	59
44	21
24	6
33	34
100	1
52	29
6	7
17	68
81	26
13	23
73	16
18	67
91	28
41	31
7	27
48	40
45	88
41	21
95	80
34	63
19	47
29	11
6	64
17	30
95	58
85	31
17	27
20	94
3	40
34	1
77	13
85	1
64	10
84	87
3	80
97	56
5	5
75	94
40	6
36	7
100	46
40	20
73	96
44	20
46	75
66	74
97	22
33	84
48	89
11	56
28	100
39	83
1	7
51	41
22	66
77	85
19	56
82	25
13	62
17	35
6	43
67	82
10	78
18	16
82	11
77	99
7	15
63	61
27	37
56	3
100	31
92	92
74	28
35	26
51	60
86	50
37	31
76	75
61	25
67	44
8	50
80	90
72	65
55	37
63	8
51	40
79	47
6	87
22	28
43	33
44	98
30	26
25	41
21	48
78	55
37	80
44	47
72	30
19	2
41	54
36	89
25	47
86	65
27	33
62	51
9	31
38	90
31	82
39	59
32	51
64	85
26	93
2	27
27	63
20	92
17	64
14	50
78	48
52	38
31	90
15	9
45	94
34	42
20	41
20	97
88	56
61	43
82	45
90	42
86	56
5	15
86	34
99	14
73	1
70	12
91	76
81	64
99	85
15	45
70	72
95	87
26	46
55	46
88	73
41	33
14	90
96	78
12	27
87	29
58	31
89	88
7	26
83	73
58	45
5	96
89	2
93	22
37	87
53	88
77	66
55	72
22	16
13	59
96	50
25	86
27	77
76	31
4	5
11	1
19	49
41	85
50	1
27	38
1	85
57	67
18	14
40	60
10	61
29	42
56	6
18	6
50	83
23	59
95	16
80	31
75	48
58	81
37	60
39	3
55	58
2	88
74	7
64	98
70	47
11	29
19	8
45	84
41	57
64	4
67	79
85	25
100	66
39	68
70	87
91	59
31	39
49	17
83	6
83	82
41	14
31	12
43	96
53	95
51	87
4	54
58	17
5	56
74	34
59	40
49	35
57	80
39	58
60	31
23	76
64	99
99	79
29	33
88	33
42	43
66	26
52	47
14	64
74	7
38	74
30	30
48	93
79	32
25	80
56	89
34	90
25	28
77	31
63	13
5	35
27	84
50	48
74	93
85	70
81	36
37	78
93	11
43	12
95	17
17	52
20	3
17	5
51	50
71	24
27	69
86	67
46	73
38	22
100	6
23	93
9	39
24	15
68	58
19	21
62	85
90	60
33	40
79	10
41	60
81	55
26	59
52	50
81	90
23	82
40	4
67	2
55	81
34	72
4	8
26	64
31	12
3	82
63	31
14	1
3	71
7	30
32	37
96	3
95	86
34	40
42	30
21	99
55	45
56	5
48	86
5	29
51	55
32	63
37	62
12	22
10	21
97	31
79	79
99	77
33	47
26	13
40	40
42	86
61	66
71	76
78	45
30	49
84	87
49	27
86	83
63	29
82	64
1	20
69	20
63	81
12	52
6	94
30	44
78	16
88	83
1	23
48	4
22	28
69	91
12	76
13	39
43	1
86	26
50	25
70	21
61	13
39	14
47	54
63	78
94	3
94	47
22	62
1	60
2	52
95	98
86	24
86	98
18	8
19	57
41	55
93	25
82	50
25	69
49	66
24	29
49	77
67	96
67	14
58	39
77	93
46	64
34	94
86	66
79	72
12	58
98	1
80	44
83	15
87	35
94	41
66	17
48	64
91	71
35	70
13	58
47	89
79	34
91	62
65	62
91	48
12	14
38	4
36	75
40	32
21	11
83	11
39	3
50	79
98	86
34	76
78	11
54	82
10	77
12	8
9	75
66	8
44	10
65	37
61	22
94	68
79	62
8	30
53	42
23	88
59	5
16	45
64	14
86	7
37	17
68	63
66	63
61	31
11	3
66	77
38	79
56	79
36	34
7	47
47	70
87	28
74	42
47	9
25	4
57	54
59	23
68	41
55	51
81	6
85	12
10	8
7	18
81	78
71	18
42	38
55	52
99	55
45	54
13	97
70	37
49	22
25	6
13	75
33	32
10	92
68	95
32	77
25	25
77	93
1	100
84	42
18	94
49	82
9	88
70	85
40	2
44	54
76	24
47	4
75	88
27	32
91	78
47	49
7	25
2	52
95	78
62	83
38	37
78	7
11	54
69	13
31	64
75	19
42	8
30	48
40	12
10	43
47	49
30	70
90	38
8	31
44	7
93	67
54	81
13	27
27	48
96	52
90	9
44	97
54	51
46	5
12	39
50	77
49	49
95	86
48	18
68	8
95	81
78	74
96	98
76	60
15	22
98	51
46	42
67	6
83	79
72	53
91	3
57	2
23	84
7	10
62	20
18	62
81	56
90	74
8	45
72	60
31	22
21	82
35	93
35	98
17	15
54	23
75	35
94	84
68	71
62	25
92	68
24	31
7	95
71	82
32	45
3	58
88	100
71	64
48	97
37	82
45	23
90	70
35	1
86	80
70	93
54	88
86	17
93	80
88	59
66	65
92	48
51	2
34	31
40	8
93	16
91	96
51	72
70	24
86	89
98	53
95	62
49	84
90	16
11	4
57	5
53	75
57	72
61	40
1	3
84	85
93	1
100	68
2	53
23	4
1	57
49	53
80	18
11	47
51	49
74	35
19	98
46	95
76	86
10	95
24	34
95	16
80	23
89	84
66	31
98	21
89	48
98	98
19	99
53	55
40	10
7	4
29	84
67	11
87	78
81	97
58	61
60	10
68	17
21	2
47	11
70	68
84	29
82	77
8	16
19	32
17	63
12	54
89	83
4	57
57	37
100	34
21	45
16	76
53	19
25	62
22	87
97	60
50	50
86	20
4	49
44	11
27	68
15	72
45	74
3	38
96	72
89	56
31	33
95	15
86	6
10	98
45	83
24	52
81	78
96	50
21	60
56	30
56	13
95	55
56	57
80	42
76	7
15	6
76	44
1	1
53	4
55	29
100	84
11	34
94	94
25	33
27	98
69	67
76	60
79	30
69	79
23	42
85	60
65	99
58	73
100	48
35	2
1	47
84	3
34	95
84	75
93	72
43	36
62	53
15	26
21	75
85	55
60	29
29	45
20	85
71	8
73	99
95	33
14	95
37	68
27	59
4	28
40	73
54	36
72	88
48	7
84	99
44	47
65	33
69	37
59	10
25	4
51	67
81	45
10	94
63	83
59	17
15	54
56	95
96	25
73	14
71	21
42	34
72	93
96	79
99	53
31	12
13	78
11	24
27	11
35	41
64	37
35	9
50	11
18	90
98	91
66	54
5	58
44	91
90	90
81	50
96	69
51	22
72	81
18	69
52	5
38	98
58	56
87	44
9	14
45	70
46	48
63	30
87	85
12	12
77	37
82	99
15	97
20	16
4	10
25	69
57	32
40	12
44	89
4	87
80	50
20	64
82	40
23	94
78	46
14	72
35	46
7	57
64	35
86	47
43	77
84	62
18	97
45	70
23	46
24	10
90	33
3	60
20	61
24	30
65	95
39	44
39	58
12	91
78	76
71	60
68	12
25	71
34	83
18	54
38	19
7	81
55	41
90	76
32	48
8	100
9	60
80	83
57	70
10	48
47	28
14	68
52	16
18	75
96	54
1	32
2	36
77	84
97	46
86	95
2	41
42	86
40	27
44	72
12	59
15	88
79	85
38	17
60	8
45	61
13	92
26	1
64	4
26	20
13	58
43	52
60	98
81	32
3	22
93	7
49	42
3	32
24	45
21	27
63	99
22	44
88	40
21	60
9	53
63	4
28	5
58	73
54	51
50	68
31	69
43	50
16	75
19	52
23	97
22	57
35	81
5	5
20	35
28	26
18	30
18	61
65	58
12	58
10	73
6	67
95	45
59	36
65	40
49	91
30	53
38	27
10	32
13	24
58	46
22	66
34	100
56	24
49	80
24	59
62	82
90	9
75	31
94	23
24	45
23	23
78	17
13	12
20	78
90	6
66	44
84	34
60	19
47	20
19	15
39	95
6	86
78	100
22	42
58	82
67	47
27	90
99	93
25	60
89	46
39	29
46	89
63	57
85	73
69	68
82	70
9	44
98	13
86	58
63	61
56	27
26	86
48	90
89	21
29	98
53	31
70	57
43	86
4	25
32	44
59	82
83	97
37	78
61	69
24	16
6	27
94	97
99	82
98	69
37	52
95	55
6	83
88	19
60	84
3	34
58	44
6	16
20	84
47	36
87	66
11	43
100	66
39	5
18	77
31	95
42	3
77	46
22	52
69	100
77	8
33	65
74	57
36	89
6	76
51	15
49	96
82	92
52	40
56	6
56	31
37	89
57	58
66	99
34	24
17	33
15	8
2	19
98	36
93	61
60	25
90	80
80	41
84	10
65	25
7	86
12	19
68	90
30	57
63	61
96	20
68	79
24	89
66	81
77	21
70	98
64	25
53	89
84	67
78	88
72	53
67	79
57	80
44	48
67	47
87	94
31	30
100	31
8	5
59	39
19	42
30	33
84	13
20	56
77	12
62	77
63	9
88	99
85	93
4	15
65	21
67	3
68	19
62	82
87	80
27	19
87	69
82	95
51	35
54	76
76	46
60	50
22	67
12	36
18	65
12	37
79	84
35	19
8	88
20	23
71	42
49	43
11	70
82	62
7	23
53	66
38	37
9	14
13	37
57	29
90	79
9	3
82	66
89	72
75	46
69	35
10	7
4	3
23	98
35	4
66	1
30	5
100	34
6	2
59	14
38	73
96	58
9	99
1	69
60	74
48	81
84	41
82	60
5	1
48	69
78	100
32	17
55	30
76	72
98	99
20	75
32	99
68	82
74	15
3	92
30	92
96	87
27	13
93	87
60	42
21	88
86	34
34	55
27	22
53	100
63	34
68	72
67	62
69	70
21	74
79	32
21	1
33	14
32	32
55	60
71	96
78	25
88	16
72	57
55	52
6	2
48	6
11	18
90	2
88	78
44	41
23	98
75	43
91	71
55	5
14	52
51	11
22	29
23	72
78	100
95	36
40	87
96	92
44	11
69	91
13	74
52	92
64	59
66	64
9	79
42	9
63	4
72	48
2	26
17	90
49	20
30	59
43	98
3	45
70	70
4	19
40	9
6	2
47	18
92	19
67	88
74	78
91	84
68	33
36	51
28	3
32	2
33	7
29	56
77	23
21	12
43	80
29	98
62	25
79	20
13	85
62	83
18	73
75	4
89	70
48	44
86	77
48	58
55	70
7	82
33	36
69	93
65	30
52	57
33	28
59	85
10	68
40	20
37	17
2	6
26	34
6	95
98	63
72	66
90	33
45	77
44	68
14	80
89	26
56	88
35	74
31	57
56	1
42	64
47	88
86	42
39	81
95	67
79	37
91	93
60	4
32	43
1	69
6	85
98	75
20	52
69	87
73	59
85	48
6	87
35	15
80	27
35	12
91	43
78	31
13	99
39	95
40	89
30	59
50	29
49	54
93	28
3	73
1	64
1	1
19	92
79	58
66	23
22	3
69	4
38	91
84	65
78	25
87	5
85	12
20	10
42	75
26	46
89	28
1	86
15	7
7	90
54	83
8	51
67	48
77	73
49	49
3	60
62	46
42	99
78	37
69	7
76	92
28	10
49	10
65	72
32	52
38	75
82	25
55	55
61	56
3	90
26	87
4	40
44	17
1	23
49	80
60	100
97	61
25	41
64	20
73	54
84	95
90	40
14	8
96	56
49	49
90	48
37	90
66	38
35	95
65	85
56	79
49	22
93	47
35	75
12	76
53	46
10	63
94	34
70	44
50	7
81	73
67	85
97	36
1	64
87	57
79	69
92	63
32	30
28	12
77	7
8	66
6	31
100	64
33	89
90	38
35	93
8	62
61	97
58	45
70	90
78	42
75	87
53	93
83	34
16	84
20	42
62	9
58	76
56	61
98	71
12	12
59	83
27	85
25	9
39	59
30	28
56	71
76	60
92	27
100	75
72	43
18	90
29	83
33	4
28	52
65	78
57	100
58	70
10	12
90	45
63	24
17	1
95	57
3	97
19	53
32	4
17	15
54	12
22	81
35	95
50	88
11	63
64	100
82	48
31	39
82	67
100	65
90	63
21	7
76	65
53	29
90	74
64	31
71	88
95	64
29	61
9	58
10	49
22	82
63	16
96	61
38	3
5	48
9	6
98	30
17	23
97	68
60	3
35	57
78	62
93	66
74	64
65	19
1	26
71	46
82	97
86	2
39	9
1	80
66	5
78	14
92	19
45	80
15	44
60	11
95	82
69	56
98	34
92	92
86	19
93	79
17	93
19	85
22	4
24	41
1	79
20	94
6	51
87	8
100	57
100	65
50	52
26	5
85	80
14	97
53	38
97	58
36	71
87	89
9	8
47	26
72	64
84	3
85	41
58	86
46	15
98	17
44	64
6	38
29	68
80	95
57	78
26	50
89	61
37	94
1	45
49	88
84	42
18	52
18	61
69	58
20	33
54	72
5	82
66	10
19	65
42	58
5	21
25	79
10	86
65	47
100	80
52	48
13	29
30	98
95	67
3	71
20	72
67	54
96	70
87	34
87	1
93	68
16	3
38	55
64	81
91	59
87	48
4	4
14	48
93	88
8	61
32	37
68	89
100	21
82	75
44	59
83	66
20	55
35	30
56	69
92	26
5	14
85	69
100	1
92	12
95	98
6	74
1	94
62	99
41	28
100	90
87	100
51	7
38	93
46	9
59	25
27	35
23	87
73	49
59	98
57	64
91	97
83	43
90	78
2	81
9	82
14	41
12	97
13	39
57	23
22	45
12	42
55	20
1	33
35	50
57	33
5	8
76	37
25	37
27	79
14	63
78	41
70	93
16	83
16	42
74	69
93	34
78	61
83	94
99	99
63	19
40	87
73	78
68	3
28	47
24	38
78	11
6	66
97	51
100	54
41	39
100	90
92	33
5	51
11	74
46	21
81	78
37	86
55	23
39	53
58	27
5	65
86	85
19	88
57	35
27	65
17	3
44	40
83	8
8	39
30	56
21	81
78	5
86	57
43	9
34	73
11	3
51	31
82	85
65	33
39	5
65	85
44	90
83	33
5	97
96	68
98	82
21	8
46	29
12	50
24	67
59	91
40	98
60	73
54	42
6	66
6	64
69	9
93	51
85	92
55	16
60	97
14	59
25	66
61	17
38	89
34	67
15	27
22	81
59	10
70	79
33	82
75	42
58	50
83	29
75	4
10	50
80	20
89	71
25	51
61	27
62	67
11	59
17	52
7	83
75	12
22	10
53	74
33	2
74	28
46	48
50	53
30	100
14	85
28	3
94	59
37	63
14	88
88	22
61	21
46	78
96	37
33	24
67	46
89	28
28	28
55	40
48	65
77	12
15	71
4	15
48	54
33	90
9	78
39	29
85	73
22	68
7	63
36	83
15	64
24	90
9	57
90	29
21	60
23	50
26	58
49	100
50	57
52	22
74	45
62	10
83	41
23	30
45	100
11	92
68	28
4	67
53	50
81	18
26	92
98	73
97	63
61	9
98	43
46	96
26	6
22	85
53	58
94	61
66	99
38	13
45	2
77	40
62	91
73	48
59	88
97	48
12	72
99	58
51	70
41	86
13	65
49	45
90	63
47	2
12	32
89	47
40	70
22	31
85	96
71	50
79	71
41	26
28	27
72	96
41	49
23	76
86	77
27	7
9	20
8	12
41	29
89	72
82	94
69	75
27	78
14	66
81	13
67	74
49	30
92	75
71	76
29	85
54	82
55	5
15	91
72	73
8	31
36	91
92	6
73	49
26	44
18	12
96	4
70	91
35	11
38	91
72	96
65	95
47	22
91	74
2	9
80	26
83	42
99	13
87	81
7	41
24	78
88	3
60	90
5	49
69	99
99	31
78	77
35	80
75	30
69	2
1	90
5	33
75	26
25	100
6	46
22	40
22	16
60	96
82	2
90	73
89	87
24	26
92	75
8	31
28	20
96	64
76	72
72	78
21	90
100	5
80	9
49	50
18	15
23	98
84	52
58	50
56	44
89	41
43	63
48	42
59	46
85	90
19	46
19	88
21	95
71	82
29	46
55	100
34	55
77	59
62	7
77	27
48	93
21	13
98	49
80	69
24	86
45	44
45	44
35	22
11	76
50	7
5	58
21	27
46	33
37	26
64	53
81	21
7	90
60	15
31	46
85	57
14	63
81	42
28	25
24	49
51	76
36	3
88	82
86	83
15	1
66	3
81	52
85	8
8	30
55	42
28	80
14	83
85	67
49	67
43	70
11	4
27	50
57	94
43	17
9	96
30	52
29	96
58	10
57	97
9	63
74	78
48	24
25	35
7	79
73	38
45	95
32	46
20	12
19	20
15	1
12	9
60	53
29	72
64	62
84	16
72	51
44	8
88	22
46	11
71	26
76	51
67	58
4	97
23	11
95	9
15	47
31	73
58	64
55	6
69	69
18	45
15	53
46	100
8	65
89	91
92	46
76	75
7	79
17	16
27	25
38	24
27	32
60	26
42	61
16	92
81	20
22	7
26	30
78	33
55	93
29	43
33	97
44	35
29	18
54	66
46	51
9	23
37	33
81	62
91	12
52	19
47	48
92	89
25	80
70	4
86	89
10	19
67	44
18	46
36	41
53	92
82	41
34	57
93	37
77	1
86	98
26	3
41	25
70	4
33	82
8	19
44	90
15	51
57	93
27	53
52	4
44	71
41	86
68	13
66	31
87	21
68	97
89	34
39	20
72	4
71	27
59	74
43	44
95	100
63	71
29	32
65	55
54	100
77	4
62	94
12	38
22	15
44	1
51	55
66	15
53	95
27	7
9	77
63	79
45	9
89	56
20	95
65	50
82	79
13	21
76	78
39	17
61	45
92	97
14	77
70	82
68	7
17	54
10	31
36	62
33	26
47	40
86	13
21	14
55	22
74	10
20	96
66	93
68	39
27	4
66	20
39	14
45	99
55	19
46	75
3	87
91	30
51	72
99	48
66	95
95	1
53	67
88	12
2	94
62	21
17	43
99	43
71	58
92	90
44	62
89	85
4	36
37	20
74	7
4	17
27	5
88	24
67	41
23	6
50	37
47	9
35	40
82	30
50	37
12	60
17	92
5	49
2	24
90	38
77	82
80	37
69	91
75	29
100	6
89	49
62	10
13	52
50	95
68	57
16	82
11	36
61	4
62	57
77	95
10	94
85	38
43	67
61	91
41	37
74	1
3	86
45	98
32	10
75	52
55	52
47	69
17	14
5	13
64	79
3	49
92	2
78	100
59	88
95	88
27	84
84	14
60	82
16	57
38	85
84	92
2	88
87	40
20	63
10	72
46	41
67	22
50	28
85	88
89	22
46	26
37	85
63	15
67	76
95	19
93	12
40	5
52	83
85	99
52	83
25	52
24	29
51	97
26	37
87	58
11	16
62	60
19	91
91	28
93	22
19	6
67	47
95	91
36	65
48	41
38	65
61	94
8	16
57	10
9	50
52	100
72	44
35	98
17	40
34	82
48	40
5	30
82	65
63	19
34	33
58	57
50	93
45	49
13	70
38	78
68	88
76	3
59	43
86	25
65	24
70	63
48	84
23	49
82	35
95	71
12	11
99	48
74	75
34	74
45	73
23	55
22	87
97	1
28	32
17	63
33	37
59	70
26	53
13	79
85	72
14	22
20	35
6	34
59	39
65	35
33	42
38	49
30	25
91	77
40	47
91	43
12	38
6	71
73	48
26	13
35	94
57	2
65	76
48	28
15	58
50	81
75	8
50	58
65	52
67	63
48	77
62	12
86	81
31	42
28	40
95	55
10	11
18	68
72	45
29	28
75	15
67	66
78	99
35	98
6	8
37	88
93	32
59	68
90	80
8	7
100	57
37	77
4	3
41	33
4	30
77	67
31	18
95	51
85	15
58	17
47	55
43	70
70	79
9	99
63	50
47	37
55	75
57	6
75	38
2	73
32	90
19	75
47	94
46	4
12	37
2	8
39	60
67	24
58	33
37	76
16	22
89	24
15	37
7	74
19	86
64	90
58	24
80	31
66	31
51	23
34	92
28	36
95	70
33	39
28	39
27	76
13	83
4	48
56	72
69	48
29	93
15	44
80	89
78	91
98	56
74	6
71	3
8	72
31	73
3	87
8	1
65	49
71	75
79	58
93	18
78	59
58	7
30	65
29	2
79	15
22	68
71	58
91	6
97	95
17	47
44	24
89	54
84	23
17	3
36	89
49	86
82	35
23	82
20	66
21	5
15	88
86	97
16	8
96	48
68	25
36	36
52	92
76	29
42	100
36	40
93	22
8	15
45	3
32	87
58	75
10	67
49	38
93	57
91	4
95	82
7	65
56	61
47	4
17	50
16	83
87	40
80	44
67	97
82	58
98	55
71	37
26	26
38	94
50	59
75	64
29	31
49	1
36	5
31	81
66	40
45	33
75	92
59	84
25	60
46	68
38	87
18	75
4	47
44	10
4	16
82	70
16	73
17	23
73	78
15	79
37	22
45	6
17	24
87	66
39	18
1	76
11	81
79	72
22	96
91	47
88	81
66	55
66	43
64	12
84	43
1	52
96	65
5	46
54	2
38	46
62	16
39	72
46	95
58	90
30	31
13	79
93	57
30	63
52	34
60	57
58	46
67	90
2	41
73	83
11	23
54	87
54	75
50	69
5	99
10	51
91	91
91	78
4	64
15	53
50	28
64	42
51	62
68	90
68	42
53	67
36	10
24	61
85	78
43	87
5	46
2	32
90	58
56	78
53	9
33	59
56	81
46	63
43	75
97	47
79	61
98	75
85	79
11	10
70	52
46	64
24	27
99	3
94	37
22	39
5	40
56	12
2	11
56	27
72	15
87	25
25	5
59	81
61	75
88	74
8	77
37	53
15	37
57	72
90	11
7	66
96	61
53	83
5	43
25	88
59	83
4	46
6	73
8	99
85	49
9	1
26	93
74	66
93	19
96	92
80	43
39	45
93	90
94	22
33	76
11	68
5	13
48	66
65	86
54	68
53	59
77	28
39	76
63	3
21	51
66	21
41	45
31	35
48	67
7	48
16	53
56	98
38	87
98	9
25	71
55	24
62	83
53	35
64	37
71	74
77	65
9	73
75	72
80	71
68	93
21	39
11	36
45	42
9	96
27	71
95	5
16	82
89	82
59	98
70	92
36	5
51	12
17	37
52	4
66	58
83	48
35	71
45	6
2	95
79	7
90	47
50	43
24	65
75	54
18	40
61	49
90	100
83	60
87	25
74	84
5	3
35	89
41	34
28	33
4	87
50	30
5	4
8	91
65	11
25	33
2	22
7	46
47	30
25	70
63	79
13	5
