54	61
5	26
100	24
89	11
35	28
49	72
94	43
62	26
73	42
55	65
17	37
59	19
6	54
85	39
87	34
39	86
7	10
51	28
8	38
50	24
75	19
16	30
22	28
90	45
57	80
55	12
75	79
67	66
94	50
3	18
56	94
29	87
99	90
8	21
87	30
20	21
24	8
9	67
15	54
6	56
6	60
22	61
83	51
31	94
40	84
84	45
30	99
3	81
24	3
50	35
49	10
77	24
65	86
98	64
85	7
48	14
36	12
22	73
100	41
7	61
43	30
12	62
82	8
37	97
27	2
70	18
47	86
11	87
31	50
63	45
37	78
31	17
50	67
15	65
56	85
57	54
95	94
94	92
63	32
44	50
23	16
93	24
23	79
54	94
6	47
9	39
41	82
78	29
59	38
36	94
26	80
25	39
80	98
47	55
61	58
53	13
25	4
83	92
52	71
37	59
22	83
86	84
82	62
45	27
82	2
95	55
15	43
23	36
62	33
42	87
88	36
85	81
90	12
80	23
70	54
48	29
15	18
49	9
29	87
13	44
80	17
73	48
65	36
32	53
54	49
10	43
24	10
67	55
17	52
6	37
3	13
86	97
74	69
84	64
27	19
95	62
34	88
91	86
22	70
25	98
89	64
100	80
62	32
83	57
29	54
99	98
92	36
34	98
54	88
59	46
41	95
21	15
60	58
59	57
47	44
16	73
61	73
7	6
14	91
27	77
31	91
96	49
74	99
68	34
18	1
1	92
85	30
32	84
81	94
80	91
83	9
84	30
27	100
28	55
89	36
98	75
22	12
73	72
96	31
20	87
10	98
44	5
73	80
88	38
55	50
30	100
39	54
80	18
80	15
1	12
29	63
17	7
48	11
7	65
50	19
4	17
73	80
72	25
66	63
52	35
10	100
59	64
10	25
14	95
71	18
7	9
1	75
44	46
89	54
40	3
47	34
87	21
59	47
11	80
42	1
14	19
24	93
90	6
13	1
15	79
81	77
68	46
73	26
8	52
91	29
10	31
63	100
24	93
84	100
10	43
75	80
7	44
7	94
94	1
7	31
98	71
15	56
68	8
42	27
74	84
19	15
38	89
68	47
15	38
92	5
98	71
65	44
28	78
7	38
97	22
83	61
61	20
91	31
91	7
26	46
29	81
63	62
98	16
33	98
42	10
17	89
72	56
74	34
22	23
78	19
56	95
70	46
58	63
54	39
51	92
93	45
49	100
91	97
72	10
24	97
84	35
78	55
67	74
55	46
94	21
4	57
34	76
18	81
92	19
47	43
21	41
53	81
77	47
13	42
28	54
53	13
11	8
44	43
58	58
63	54
32	69
92	96
64	68
19	6
81	29
18	91
26	67
54	9
92	79
87	26
83	47
48	27
28	96
86	2
62	70
83	37
23	15
84	53
24	1
20	100
83	78
35	14
22	28
86	25
58	71
64	82
51	25
32	53
56	92
16	25
27	3
44	68
15	76
98	89
86	74
74	68
24	63
75	16
16	86
65	100
88	55
62	29
88	59
10	25
79	61
4	13
79	50
65	24
10	85
89	46
56	50
75	1
58	13
66	94
18	42
19	25
77	52
61	3
21	33
30	44
68	71
55	99
80	1
41	49
45	37
93	24
7	100
98	95
21	34
80	45
82	11
85	69
55	98
6	96
49	43
70	47
93	2
82	25
63	89
49	33
26	42
95	26
38	22
15	94
79	97
1	91
90	67
51	64
63	33
79	31
17	6
35	36
83	3
39	3
4	83
64	24
27	53
32	23
49	20
60	24
21	79
58	79
18	79
5	70
3	20
57	20
17	100
11	10
70	27
80	69
37	26
75	80
7	16
71	27
1	91
56	27
31	22
57	11
80	26
2	17
13	75
11	47
92	77
78	23
49	54
37	18
72	25
65	56
69	15
32	60
1	48
80	47
60	75
86	79
63	6
74	47
70	25
28	97
44	78
32	71
94	2
75	39
11	72
50	99
98	100
96	26
59	83
85	94
84	68
9	83
89	14
22	22
28	90
20	89
2	6
79	10
90	97
87	57
10	55
52	80
12	55
40	35
73	35
22	69
12	65
70	64
72	58
18	57
63	100
52	100
27	57
100	90
65	43
57	82
66	78
69	27
36	56
86	72
56	59
89	1
27	99
4	54
22	66
69	77
80	52
6	85
69	57
79	30
25	14
74	78
47	79
84	96
44	14
19	38
65	1
76	3
54	48
73	68
83	15
83	27
4	99
68	59
4	70
31	83
49	99
81	67
37	1
67	11
30	45
7	15
91	67
38	85
33	95
60	52
77	70
9	99
48	31
7	20
76	33
17	70
77	11
4	45
9	60
6	96
45	64
53	98
81	40
23	73
61	81
25	67
75	39
59	23
60	23
42	22
4	25
12	67
24	8
50	36
37	5
98	67
21	24
35	75
47	31
60	40
24	10
63	49
62	74
52	62
76	76
4	74
46	3
43	30
54	38
57	23
52	54
46	8
77	22
12	73
38	18
97	76
81	88
46	7
8	41
60	89
80	26
39	80
77	50
19	100
71	37
10	70
13	45
69	16
44	77
41	2
10	13
44	98
10	84
43	1
99	50
74	50
35	47
88	47
4	69
46	73
92	45
49	69
50	67
35	51
31	50
7	41
35	92
15	55
26	54
82	43
43	46
100	14
61	90
15	93
24	17
46	71
83	6
81	25
81	11
42	79
50	15
16	62
37	92
86	73
95	48
63	55
40	93
42	93
16	26
75	82
42	81
29	43
4	5
81	1
13	27
38	17
53	78
81	69
72	76
31	26
64	98
78	72
40	40
45	13
25	19
63	89
45	95
53	53
25	13
92	91
70	88
80	90
85	23
24	15
44	16
52	3
54	74
79	8
62	84
23	21
71	35
54	74
62	43
15	14
30	95
76	63
97	75
50	99
10	8
72	56
64	16
20	96
47	61
100	80
50	62
13	59
76	26
19	91
56	93
35	53
4	97
44	4
57	58
13	61
53	26
74	2
45	35
7	35
89	14
24	38
75	47
100	73
23	75
78	92
73	98
12	77
30	86
14	30
26	7
72	91
78	4
82	98
48	73
16	30
24	72
43	55
76	8
60	98
66	59
63	30
21	78
29	36
20	17
64	53
76	33
14	57
6	58
86	47
67	31
12	55
20	52
12	22
25	33
45	49
14	72
54	53
67	78
76	41
67	49
35	65
44	43
21	81
60	69
16	98
14	28
1	56
86	5
68	31
36	94
32	67
96	54
3	97
65	16
81	59
36	22
9	47
18	87
27	4
66	100
44	27
39	38
64	82
87	61
50	38
57	76
45	38
85	33
75	93
41	10
16	28
10	55
34	40
98	44
49	13
67	19
11	81
61	49
32	29
9	16
49	12
26	18
5	49
92	97
12	23
57	97
54	58
2	9
50	29
96	82
74	19
38	63
99	21
83	67
93	53
20	82
17	41
65	47
13	29
13	82
100	60
43	59
46	21
10	36
20	2
66	32
78	25
46	58
80	82
43	76
53	86
77	28
8	22
69	31
11	14
73	11
63	45
52	18
9	3
100	3
26	53
48	60
30	12
37	50
78	29
83	68
3	1
23	11
81	33
65	70
6	20
9	69
53	36
98	27
18	66
43	86
94	96
67	83
14	70
22	68
75	37
33	73
50	48
22	56
53	85
36	16
42	21
57	87
21	15
53	78
10	58
88	21
63	10
1	84
78	39
33	46
54	16
81	59
92	19
38	82
48	77
39	44
50	31
51	33
48	64
53	6
81	83
25	20
1	78
27	62
55	28
57	71
80	36
79	5
58	46
95	10
84	61
91	73
32	64
90	20
69	20
7	94
84	76
7	69
48	9
92	25
43	41
39	64
99	43
69	79
30	48
4	83
56	78
92	95
35	35
98	20
66	30
70	12
80	23
44	7
98	30
98	76
34	73
8	26
74	2
69	66
3	72
5	10
68	46
81	26
39	27
64	90
72	67
45	11
95	88
74	43
67	30
79	7
73	18
13	54
36	98
41	10
8	19
90	1
63	22
1	41
35	99
6	98
47	76
59	22
52	96
80	40
6	95
31	1
79	95
15	94
95	76
59	38
74	61
33	26
56	91
10	97
84	5
22	4
2	13
16	97
97	57
72	87
68	34
78	45
22	91
13	7
70	19
96	49
69	17
87	20
96	67
21	42
1	10
58	65
98	49
43	81
79	19
48	9
92	58
28	17
35	25
1	94
5	45
15	64
91	54
60	52
24	13
39	57
65	82
97	9
77	49
82	9
57	100
42	3
48	13
52	86
95	46
15	56
9	89
1	1
2	59
14	5
64	5
65	91
48	100
30	98
16	74
54	48
96	39
14	59
86	77
57	82
44	53
91	20
24	42
82	38
72	17
91	55
13	32
6	35
23	35
7	97
96	89
70	57
91	97
71	20
91	11
90	94
47	37
59	35
2	29
29	87
9	60
38	77
93	15
21	41
40	94
20	88
53	45
95	12
39	45
48	83
10	96
2	80
41	65
12	76
45	70
12	24
22	56
12	48
96	93
23	40
48	19
1	24
70	77
76	8
6	59
42	18
48	50
4	10
40	84
83	53
68	80
73	86
8	91
8	9
6	77
83	42
64	76
67	61
100	90
37	68
21	18
3	39
95	54
9	72
11	58
65	31
77	22
58	4
31	68
45	50
90	37
24	44
72	70
89	7
19	72
76	92
33	85
21	91
60	3
75	22
2	13
99	6
18	74
49	36
32	27
67	70
73	8
19	67
49	32
10	37
67	67
89	6
7	7
79	62
100	30
96	41
28	71
8	85
58	62
73	51
75	37
47	66
47	79
29	45
21	81
83	66
17	89
10	13
87	1
39	84
72	55
56	10
67	6
51	60
43	58
84	92
54	64
66	26
13	31
29	37
83	58
73	82
20	45
17	5
52	66
23	64
10	94
17	69
61	39
46	3
9	92
68	86
16	21
59	83
69	66
59	100
58	55
5	46
46	89
2	43
15	96
51	59
79	99
66	48
98	81
78	50
64	85
50	29
49	68
27	97
25	44
27	100
94	37
56	42
81	6
54	78
23	81
66	93
94	33
40	20
9	4
92	80
82	42
90	86
52	83
42	89
33	77
53	21
25	44
9	100
80	39
69	79
3	11
83	57
32	82
3	40
95	80
7	86
20	59
77	3
60	88
53	62
29	45
25	39
1	43
18	19
9	15
86	36
18	59
41	83
34	18
42	42
40	40
24	77
85	48
48	97
17	4
39	25
55	8
91	35
54	58
28	70
51	64
63	13
10	79
88	92
39	39
86	89
66	10
2	10
41	61
66	15
76	35
28	99
46	21
48	40
83	5
2	27
72	21
94	23
62	80
87	91
94	61
7	35
57	10
66	5
84	34
12	45
25	61
27	66
73	21
42	65
28	32
25	94
78	58
64	35
74	8
70	8
23	63
54	40
2	71
8	86
52	31
82	34
55	63
71	57
100	62
46	90
88	12
75	7
17	52
16	98
11	15
16	67
97	11
92	16
100	28
60	59
79	10
8	16
1	73
44	62
74	77
72	61
56	97
84	24
77	7
13	46
88	74
48	73
44	76
8	81
34	69
42	33
29	80
92	34
6	24
26	62
17	75
75	16
36	49
31	38
61	54
22	80
46	4
14	18
33	39
11	55
93	24
17	82
4	2
93	7
1	60
21	74
10	100
16	19
87	34
99	30
95	10
37	33
3	57
75	6
47	94
99	81
100	59
70	46
51	84
49	28
1	65
91	98
87	99
80	83
62	81
63	64
65	87
28	56
76	8
26	18
51	99
80	20
40	3
64	68
16	34
55	64
58	62
7	47
82	52
99	1
6	63
7	35
72	70
14	85
11	77
32	47
67	7
28	51
97	62
53	25
16	66
54	75
48	54
73	6
71	2
47	93
95	87
45	24
1	41
97	31
93	8
22	40
8	55
67	11
73	16
67	45
31	21
66	29
57	70
43	66
43	63
54	86
56	94
28	55
83	28
21	71
19	84
46	25
68	19
73	97
61	34
11	66
41	39
66	40
19	7
55	45
4	70
18	42
43	13
26	7
34	38
40	17
89	78
6	20
61	19
32	53
14	28
79	26
4	66
36	33
59	72
83	68
52	61
12	80
67	35
70	15
55	52
48	96
67	14
44	32
23	52
30	67
2	68
72	83
39	4
32	86
35	25
81	64
41	69
84	32
54	72
38	78
65	89
53	88
66	32
61	34
76	2
26	41
35	36
18	75
68	27
19	51
15	33
10	88
66	99
43	42
40	11
71	73
4	19
23	69
92	71
43	1
76	37
13	9
29	39
92	86
36	94
60	17
41	4
87	9
57	76
3	47
15	57
14	26
47	42
13	77
7	91
52	65
61	50
61	8
9	27
19	98
11	71
67	56
95	48
76	95
6	27
99	26
79	10
72	9
2	67
16	61
41	21
40	21
51	39
65	59
98	11
87	69
57	65
84	65
8	69
91	97
53	65
26	92
87	57
65	23
57	45
14	10
33	40
6	27
59	57
15	80
74	70
80	28
19	28
99	40
41	41
67	9
64	60
69	94
37	46
41	40
85	74
61	21
13	93
45	74
89	60
45	26
60	60
87	68
56	13
14	17
80	9
52	49
64	65
30	48
64	99
64	97
12	60
71	96
10	97
35	93
51	93
65	60
46	78
59	9
29	99
25	6
62	22
75	41
33	90
71	24
88	79
58	9
73	100
66	64
9	38
64	32
77	74
68	75
42	40
2	62
28	47
82	91
28	72
82	25
58	52
78	65
64	50
27	1
30	15
83	75
62	96
75	4
36	59
100	34
71	41
63	57
85	99
74	4
25	71
55	44
87	9
57	87
38	9
47	45
58	9
82	50
38	6
71	29
44	98
53	95
59	88
24	35
58	44
83	4
59	50
56	95
59	91
33	19
19	19
95	13
20	97
49	20
99	5
12	76
91	64
22	66
29	68
7	80
69	27
77	14
5	26
46	10
20	13
88	26
32	7
32	33
17	96
40	81
4	1
75	28
91	66
40	80
23	96
26	94
7	86
66	54
58	78
80	75
46	85
67	33
97	27
65	63
44	3
8	93
88	94
37	74
40	96
23	35
95	95
73	62
90	10
64	58
40	32
68	86
12	10
56	94
99	52
84	79
8	75
83	86
46	34
48	99
71	89
61	36
77	92
48	95
95	1
50	48
61	43
52	11
17	62
96	76
85	77
88	44
46	24
2	73
78	84
64	12
54	33
19	87
57	55
22	54
87	19
42	10
26	24
47	81
70	19
54	14
44	96
5	68
58	17
2	54
64	68
9	76
79	1
27	74
9	16
79	86
63	15
45	1
93	65
65	12
48	3
40	46
65	10
19	55
68	18
51	60
44	95
7	74
72	64
19	16
100	93
7	29
98	23
85	34
78	64
60	13
49	51
42	34
96	20
42	53
11	56
77	100
15	48
51	66
99	87
91	32
93	97
47	38
78	79
65	48
90	98
69	61
47	8
61	24
89	92
52	31
9	73
73	84
57	97
6	17
50	87
99	36
40	5
95	99
15	81
79	53
31	68
68	9
91	46
98	77
58	37
79	82
99	9
37	42
90	7
28	25
75	51
1	49
34	42
79	16
100	65
48	75
74	99
89	40
31	82
71	88
2	76
53	61
63	47
75	59
33	71
12	45
6	7
67	63
18	93
84	2
27	9
2	51
11	69
42	93
79	54
10	98
89	89
44	49
52	47
35	91
39	18
97	78
22	53
67	86
55	22
94	32
90	83
85	33
94	68
66	74
81	23
62	72
28	16
8	89
75	23
73	90
2	2
68	42
73	17
69	8
33	74
98	10
24	29
3	9
38	33
7	34
76	51
71	69
3	17
84	93
88	5
91	53
70	15
92	54
34	39
38	5
41	29
78	73
51	26
32	80
92	21
75	76
2	8
56	83
46	69
82	74
66	79
2	13
5	12
96	12
76	30
38	96
53	95
32	93
49	33
64	97
81	41
92	18
66	85
41	32
100	70
69	74
22	28
38	56
26	49
37	88
84	31
27	51
96	77
6	13
27	32
4	72
93	8
48	37
87	59
18	82
58	38
20	72
37	50
32	20
43	40
89	11
66	69
32	40
58	1
75	52
13	6
5	44
52	92
16	94
15	51
65	67
28	63
67	28
20	75
93	40
75	80
95	48
62	87
34	71
56	81
71	50
85	48
15	92
74	96
51	94
16	19
2	59
72	4
32	90
57	66
3	78
12	80
69	5
4	76
85	13
89	92
80	67
72	71
12	51
54	72
75	11
52	70
94	82
19	43
42	83
64	33
39	11
8	21
85	70
82	27
40	47
72	89
75	77
80	60
68	85
60	55
74	18
21	32
54	45
68	39
11	81
53	64
80	88
57	62
32	77
95	53
38	71
8	15
36	89
4	16
80	12
26	8
35	86
50	63
91	31
85	100
53	92
38	19
84	56
72	88
14	73
96	76
19	22
74	27
10	59
42	82
45	93
3	81
36	34
64	32
28	1
83	44
79	19
62	76
30	41
55	26
62	69
20	83
56	78
11	47
38	72
41	18
2	48
75	27
97	49
6	67
60	10
38	14
73	36
79	12
71	40
75	60
99	60
65	19
14	63
60	47
29	67
32	81
73	83
6	12
33	29
10	28
70	13
34	87
53	64
28	75
84	89
44	75
48	41
1	59
73	55
50	61
45	41
50	54
34	47
43	24
83	71
21	82
48	98
80	43
69	97
87	67
95	9
90	26
40	65
8	49
18	52
42	10
70	68
86	29
46	17
37	25
71	71
56	36
71	7
91	52
46	5
19	33
11	86
13	90
85	92
89	59
72	19
22	99
3	62
88	28
28	73
4	11
85	82
58	34
98	36
98	80
82	93
20	58
3	87
60	57
31	46
46	73
92	17
54	55
5	82
15	33
32	57
29	94
83	37
30	27
27	15
48	8
72	64
68	85
49	50
90	52
12	34
7	37
64	93
84	67
57	91
7	58
78	81
52	68
83	75
34	90
52	29
91	33
4	49
30	44
62	63
67	81
8	2
70	57
96	32
11	23
97	26
59	33
95	29
64	83
84	81
82	12
83	21
16	78
89	71
100	22
40	73
87	20
33	53
86	89
82	72
37	51
13	79
90	2
16	58
63	72
38	81
44	40
96	72
3	99
74	56
63	44
80	3
36	12
67	91
99	51
77	52
69	60
92	74
33	31
97	17
52	71
49	81
68	28
6	50
15	30
50	26
44	49
52	62
44	61
13	76
19	51
72	68
2	64
73	69
34	2
23	84
80	89
20	92
3	6
73	86
32	82
12	15
89	76
1	92
20	97
17	66
33	9
27	44
53	45
58	26
68	36
73	58
30	95
59	40
50	53
80	21
23	56
54	89
21	3
20	79
70	22
13	25
69	34
73	21
70	39
26	59
4	87
33	54
38	18
19	41
27	14
64	22
71	31
75	56
67	17
20	71
4	60
58	33
61	29
13	9
99	34
45	19
20	89
70	45
17	19
59	41
60	97
72	77
41	56
79	4
20	1
72	17
42	61
85	67
37	74
42	25
40	66
24	57
62	66
95	16
63	57
30	63
65	85
64	68
95	99
22	71
100	71
29	77
65	78
97	77
5	20
44	14
63	96
73	69
54	69
33	27
14	18
97	61
35	13
83	69
16	54
81	48
22	71
88	62
54	39
8	44
78	90
91	94
52	67
53	98
8	84
85	95
98	25
31	73
56	23
7	50
58	69
67	37
87	53
44	34
29	89
69	34
34	28
70	86
43	6
81	14
76	89
6	90
73	80
22	25
52	43
81	1
68	30
98	34
14	4
5	83
85	77
3	15
30	32
59	24
28	57
96	88
30	14
55	65
79	94
34	1
22	15
89	64
24	92
8	80
51	53
69	100
26	94
63	22
9	22
66	67
81	46
22	26
32	38
90	87
76	97
50	13
7	63
100	82
7	48
68	78
71	19
70	62
81	81
78	27
51	42
44	36
50	42
60	64
76	23
22	18
64	31
79	26
92	48
57	88
28	70
80	54
81	18
9	53
59	24
34	15
23	38
13	9
87	20
90	34
14	34
48	74
98	59
87	72
27	27
92	5
66	52
97	43
36	24
9	45
9	5
81	83
53	2
54	91
8	43
70	37
47	30
40	62
96	90
14	29
23	83
68	32
58	65
48	94
72	14
8	7
12	13
77	73
16	67
79	41
68	40
78	10
99	14
100	26
14	73
48	50
66	91
71	53
68	30
65	86
93	45
23	90
77	36
62	3
78	12
86	73
12	56
66	50
74	79
38	46
84	17
71	30
4	53
20	54
46	12
34	73
23	11
35	26
41	27
61	89
77	30
40	97
40	6
60	16
86	74
28	28
22	4
52	22
5	89
84	66
82	20
34	70
34	60
7	48
90	97
96	61
42	35
86	86
30	22
49	9
24	96
100	9
83	70
47	72
15	17
69	28
39	35
55	25
53	17
51	18
68	82
10	7
71	80
76	82
56	40
76	96
5	98
17	68
36	37
45	69
99	30
70	51
56	92
64	83
32	27
44	43
100	98
17	14
65	46
98	17
59	74
31	100
23	28
98	55
83	92
53	30
77	81
97	63
76	4
26	87
60	93
68	68
98	40
33	31
39	30
54	9
84	14
9	95
81	44
97	49
29	24
6	66
74	98
95	9
24	84
3	90
47	84
11	97
83	27
84	49
15	90
17	42
18	8
84	76
20	18
70	32
64	59
70	39
14	76
76	19
28	8
65	25
47	81
45	81
89	53
75	40
46	89
13	70
22	56
5	85
56	40
15	68
35	89
36	64
11	71
26	85
34	37
86	17
64	86
96	78
56	84
42	92
82	72
17	84
91	82
16	39
23	52
10	32
73	19
8	99
14	89
89	98
59	97
10	66
16	87
35	96
14	74
54	30
72	52
66	65
81	12
55	8
37	89
56	91
43	23
53	19
34	90
37	88
76	80
81	72
92	41
31	98
51	76
67	2
11	82
53	53
38	43
10	45
94	50
51	84
66	89
58	75
96	31
44	32
32	81
60	11
23	47
95	65
43	89
69	24
86	54
72	91
31	30
61	28
90	2
60	33
52	50
73	91
54	58
99	99
23	39
22	73
81	7
85	26
22	42
38	45
16	1
3	80
12	96
90	97
10	54
19	14
53	69
21	92
28	8
13	41
5	66
33	86
51	53
35	62
18	8
87	64
98	93
100	100
65	46
53	46
67	1
44	6
80	88
97	20
10	8
79	52
82	42
53	20
37	15
63	23
62	78
86	63
29	24
86	83
29	80
20	98
72	61
84	73
48	61
92	44
67	7
96	16
83	11
89	9
9	36
65	77
15	97
77	55
54	21
100	78
70	20
69	34
66	6
8	33
9	23
81	34
9	86
11	92
32	33
22	59
98	10
41	30
19	86
24	37
40	52
87	92
18	7
76	38
75	71
45	75
51	13
50	51
90	88
44	80
53	100
34	5
79	93
33	44
32	31
22	89
81	30
93	62
1	61
77	38
9	27
55	55
69	44
42	49
57	52
79	69
17	64
88	98
20	58
26	18
17	86
32	64
71	65
33	60
55	49
90	39
23	85
69	50
71	90
52	24
67	18
66	75
20	59
64	90
80	22
55	63
3	78
90	4
19	95
60	73
92	96
4	24
17	34
84	50
83	13
21	94
20	59
45	56
30	40
51	22
73	10
56	21
73	80
28	98
31	5
69	89
65	71
39	6
56	3
98	91
61	47
28	2
65	39
39	19
26	30
90	51
73	84
87	91
37	60
63	94
66	10
87	52
15	63
12	23
18	88
32	9
79	17
27	69
12	71
1	90
48	1
74	43
83	4
76	54
10	4
78	66
87	50
53	96
36	74
35	89
64	5
40	96
62	56
8	86
41	8
92	54
81	30
79	84
13	94
81	53
62	82
38	81
79	97
75	3
78	30
95	39
45	25
57	51
72	3
23	30
46	37
89	75
56	29
42	43
37	13
97	3
100	32
55	93
52	74
6	80
62	76
99	35
64	47
22	22
82	80
84	97
70	12
74	55
10	38
41	8
89	89
40	73
38	69
69	29
68	57
63	22
18	72
1	35
6	77
71	86
21	14
39	44
7	59
18	26
48	85
64	32
19	7
50	38
34	82
90	31
32	66
97	83
25	3
92	22
48	39
10	45
57	44
97	40
52	25
15	32
49	97
45	1
56	27
61	26
46	99
68	61
60	54
44	60
10	13
35	91
64	69
22	10
63	6
78	55
9	57
94	83
15	58
56	67
10	11
84	36
9	36
70	15
44	85
42	47
31	45
50	45
74	30
91	95
59	69
58	75
42	15
6	92
7	64
64	25
15	11
58	100
34	68
45	77
98	21
34	83
96	77
10	82
74	95
45	14
37	35
53	39
77	79
66	87
15	3
87	60
91	18
88	15
51	29
41	9
93	8
5	33
75	53
97	84
71	64
19	30
17	78
68	98
1	33
76	41
11	66
60	86
65	72
69	34
51	68
17	34
32	85
57	37
70	45
1	42
27	87
22	39
36	35
17	77
80	40
27	84
87	42
29	17
16	67
81	64
96	45
95	56
55	38
33	63
35	85
26	28
52	71
10	66
12	42
9	40
86	66
81	49
55	37
90	31
68	98
68	49
24	43
27	32
86	11
86	37
77	47
92	31
53	48
14	74
19	55
81	42
41	76
95	72
1	24
55	65
74	8
90	76
22	42
24	40
90	13
11	4
43	8
76	60
18	72
82	5
31	39
5	86
79	6
14	3
6	51
79	76
20	89
92	56
94	88
77	66
86	28
19	6
1	3
65	68
52	52
83	77
55	84
40	64
62	3
36	88
18	45
29	54
13	52
11	9
67	11
29	70
29	82
94	68
92	77
21	62
99	79
19	86
52	80
38	40
10	93
35	31
41	100
42	51
66	19
41	61
57	46
27	98
67	76
34	75
34	38
94	96
64	97
25	75
36	98
22	45
80	25
67	98
3	60
80	49
39	46
25	18
93	5
29	37
60	23
36	63
28	34
31	66
25	88
92	21
55	69
31	30
50	65
44	93
92	85
12	34
49	63
22	28
51	54
65	64
24	71
49	56
66	88
100	36
68	67
63	15
73	23
79	61
47	86
62	70
52	31
49	13
48	66
54	57
49	29
41	94
6	5
59	31
16	91
73	55
57	8
3	24
34	69
4	30
13	20
20	60
81	19
46	71
15	87
42	26
41	92
42	97
54	51
70	39
56	70
85	45
83	6
15	49
71	56
12	56
59	44
82	26
14	70
34	59
1	59
16	24
87	6
62	4
10	20
23	34
53	74
20	63
99	51
12	32
85	58
3	1
99	78
84	30
13	17
17	52
35	13
48	83
95	8
15	96
63	25
67	4
63	38
45	93
22	72
32	28
88	47
23	93
13	44
42	72
5	63
50	15
15	16
5	6
62	11
97	34
74	16
99	55
69	27
69	20
99	99
85	67
62	30
44	88
56	39
61	41
44	51
59	13
79	36
62	4
53	10
78	49
23	7
96	66
58	18
21	32
39	74
25	17
87	49
32	94
47	45
47	16
70	24
9	22
17	24
56	3
37	1
50	42
76	66
43	17
91	52
8	61
83	80
84	42
90	97
48	80
3	2
68	29
43	32
59	38
35	41
69	86
13	38
81	32
78	35
63	22
79	75
87	69
28	13
46	29
63	76
83	57
86	65
68	72
99	82
25	90
68	23
49	29
18	14
84	12
25	83
36	40
27	88
68	54
91	67
51	84
40	91
47	80
9	2
63	44
29	56
100	18
78	24
27	58
46	76
24	89
67	29
33	83
1	13
37	11
58	63
41	84
71	55
79	71
36	55
64	49
67	32
57	82
91	13
42	41
46	46
52	66
88	77
69	71
31	68
10	28
46	94
14	57
16	24
98	32
28	72
92	28
38	66
21	70
43	29
55	77
7	75
94	96
84	87
2	37
96	90
72	28
6	67
54	20
6	87
11	70
93	70
73	59
59	73
16	23
59	96
52	39
62	36
79	55
22	12
90	81
72	83
71	10
9	38
39	69
42	39
26	75
56	50
60	74
35	57
16	93
83	81
59	27
84	24
70	68
30	44
64	98
53	59
80	91
26	22
39	19
4	17
13	51
7	1
98	57
73	69
47	38
87	18
39	4
54	67
46	23
71	3
29	45
86	76
54	4
90	9
1	58
33	96
69	90
83	49
62	29
39	62
94	63
25	4
2	1
3	47
44	38
9	36
67	80
16	21
88	1
35	25
17	13
27	83
98	10
46	31
7	26
15	74
60	64
58	45
98	32
65	94
1	67
68	9
37	15
58	34
57	2
96	45
16	96
4	85
31	21
28	7
57	60
18	94
79	81
50	57
77	98
45	4
8	14
34	98
29	78
62	50
48	14
99	53
91	89
20	2
92	77
53	85
3	10
67	43
7	95
13	74
53	66
4	98
72	30
16	2
95	73
95	75
71	10
51	45
61	58
23	22
27	60
66	92
90	57
34	64
89	23
53	3
35	68
81	97
40	50
5	65
77	64
93	52
12	85
53	20
62	29
11	53
71	24
71	50
31	79
21	64
28	11
93	99
81	43
75	38
47	10
16	55
90	38
85	44
12	85
80	44
49	93
76	88
98	9
49	7
63	3
88	98
44	60
92	96
37	9
43	56
99	19
54	15
100	96
29	83
41	47
48	71
41	28
41	25
68	12
63	17
50	51
3	40
26	99
3	21
20	51
69	44
48	16
62	22
38	59
46	60
22	26
84	71
87	68
91	2
66	64
91	17
92	82
54	97
53	4
8	64
31	100
64	45
77	39
38	71
91	69
31	1
49	70
85	55
46	25
72	64
2	49
58	37
12	3
25	66
43	14
36	21
25	58
29	20
39	9
87	91
61	27
7	27
68	80
23	64
13	94
7	95
93	43
47	23
97	86
1	99
32	77
38	98
82	27
18	95
25	10
66	60
38	48
75	53
45	93
2	63
60	76
1	84
4	39
32	46
52	77
1	94
65	12
84	70
81	74
23	84
53	60
72	99
24	42
77	47
90	52
93	32
80	49
30	67
28	66
24	91
15	84
99	71
52	25
18	5
87	16
86	43
51	89
92	98
85	46
23	9
82	60
97	39
77	90
88	75
64	27
76	42
70	65
2	40
7	85
5	76
51	76
83	70
35	33
28	62
72	7
46	33
93	49
66	46
47	58
97	7
29	55
74	31
69	43
4	52
34	52
2	97
82	14
34	11
66	25
4	44
42	50
99	45
96	36
70	53
19	55
44	28
19	35
50	86
19	100
18	58
91	11
7	86
90	62
52	21
3	61
32	95
53	2
39	63
13	48
9	96
17	53
51	50
63	54
22	54
9	63
6	23
87	82
8	25
92	10
59	10
84	64
59	87
28	54
17	37
52	46
90	17
83	80
89	33
42	95
53	41
31	5
80	90
12	55
40	18
64	49
83	52
2	4
14	57
33	27
57	88
94	62
86	89
34	93
3	39
98	23
66	57
41	77
9	52
39	17
54	75
39	4
81	49
58	52
15	60
73	85
47	17
32	44
87	19
34	98
74	71
98	87
16	34
60	10
57	15
58	24
8	41
99	72
56	85
62	28
11	14
46	9
80	12
23	54
98	85
81	54
47	60
100	47
4	68
40	53
63	67
62	81
18	78
95	3
4	39
93	36
72	7
94	10
49	47
44	59
49	9
86	98
85	36
15	4
28	77
69	76
86	26
69	53
2	66
17	45
12	95
97	57
17	7
80	82
6	16
6	11
48	9
15	36
51	37
92	43
1	6
100	37
57	61
81	72
67	56
71	79
13	73
83	12
23	65
58	21
36	94
87	37
56	30
8	37
82	97
46	9
58	15
19	35
10	3
77	96
77	52
32	7
24	13
14	20
48	69
92	60
51	30
63	60
61	91
57	90
86	16
35	48
61	34
46	18
2	21
77	82
66	7
24	12
24	28
86	22
18	14
74	50
51	80
85	76
53	38
64	79
94	33
88	25
69	22
14	50
65	48
23	69
16	90
83	58
76	22
9	47
17	31
45	50
98	5
10	53
92	71
97	88
90	23
60	94
77	73
10	19
34	96
79	67
21	40
49	40
69	38
59	92
2	97
85	89
80	51
15	28
100	29
19	51
64	20
59	73
60	74
16	18
77	30
82	99
46	74
29	78
67	49
36	86
51	7
73	92
50	18
64	75
9	9
28	59
40	79
23	14
12	71
90	8
30	97
24	77
38	62
55	30
50	75
73	88
70	66
26	30
76	14
69	4
66	7
14	19
4	93
50	88
98	74
79	20
62	7
10	60
37	39
35	9
32	13
90	72
95	14
92	76
29	30
96	50
37	52
89	53
84	18
91	89
94	65
54	84
55	68
97	7
45	66
36	56
21	61
52	11
77	7
100	99
57	25
71	100
28	41
88	2
62	100
14	35
66	85
33	9
7	69
71	1
98	12
88	100
43	44
85	50
80	9
36	68
90	26
24	13
32	39
13	87
75	23
10	83
22	5
25	90
100	14
93	2
27	6
81	97
91	72
14	25
96	12
55	20
29	57
70	9
4	5
98	94
15	87
16	38
33	94
88	72
32	17
71	48
15	88
98	33
84	90
18	29
12	29
44	30
44	49
76	31
90	52
94	5
3	43
41	86
68	81
81	22
64	31
77	97
5	98
22	21
35	17
95	28
95	45
69	86
3	21
64	94
57	84
56	85
22	82
1	63
28	76
37	60
2	11
81	86
8	2
15	69
21	56
89	52
72	25
8	78
53	11
76	35
25	55
53	46
76	89
44	74
18	47
100	26
71	43
81	60
23	67
55	30
98	86
11	22
88	67
60	41
75	26
19	70
94	86
83	45
88	95
22	73
6	8
19	53
2	66
62	67
47	52
33	75
10	56
54	83
21	13
95	59
77	65
76	25
26	6
43	91
38	12
68	11
32	57
97	53
15	79
75	72
89	98
100	68
17	40
3	100
39	71
18	28
14	59
99	47
31	77
55	68
60	58
98	67
20	84
94	68
38	47
74	10
7	100
35	73
43	2
16	11
38	22
74	87
73	89
49	14
97	5
83	68
68	61
46	86
51	56
8	86
30	51
32	35
95	61
2	88
36	10
64	95
28	46
80	17
51	75
24	16
74	26
58	18
48	62
35	88
45	61
36	68
58	83
41	95
21	37
82	88
56	10
60	30
60	5
66	14
45	80
31	15
14	67
61	4
35	78
49	16
85	90
26	96
34	9
66	52
27	26
29	40
81	50
69	98
55	38
14	63
81	84
34	79
12	85
52	92
7	63
16	60
45	16
58	62
6	16
50	63
87	97
21	51
8	29
46	27
75	73
63	64
58	40
33	81
5	66
84	9
80	77
19	59
84	51
53	15
88	40
39	16
36	36
34	79
30	64
19	59
76	56
27	56
21	56
83	13
68	24
43	66
83	16
63	87
1	58
35	54
51	92
77	21
59	9
100	77
16	42
94	24
59	10
70	16
63	14
4	16
64	19
19	89
14	15
43	8
72	93
8	35
29	58
5	8
81	75
64	64
77	67
32	72
71	30
27	21
55	30
1	53
69	45
51	87
53	12
63	96
82	67
14	99
83	12
16	53
76	45
29	63
68	82
44	65
21	37
45	45
75	28
17	78
68	22
37	40
36	2
90	46
55	38
40	28
39	26
89	59
93	74
12	16
15	38
69	42
31	69
7	38
2	99
45	19
99	57
44	90
5	82
35	62
96	28
27	61
79	29
5	95
84	75
85	95
4	61
21	47
80	78
47	42
25	16
48	82
66	4
21	31
62	6
87	3
94	55
40	68
90	95
95	100
63	89
13	12
43	35
98	45
37	20
13	18
25	33
51	31
27	31
100	71
37	34
71	50
45	73
100	31
88	23
62	100
70	84
80	21
57	50
18	7
65	75
88	27
92	71
22	66
55	62
46	3
29	79
99	73
20	19
49	90
59	61
32	61
61	46
27	28
23	27
88	23
62	96
18	74
2	15
14	4
36	15
12	70
50	88
49	42
68	95
40	86
96	81
97	75
5	24
59	4
71	87
86	20
63	55
67	20
61	69
60	30
99	28
85	25
52	35
70	7
43	10
11	15
18	36
40	33
86	94
67	84
19	69
66	43
15	31
25	38
37	14
12	48
64	96
99	87
51	64
45	22
59	95
52	69
40	59
62	96
24	77
9	68
94	30
59	60
49	83
59	14
4	28
36	88
69	90
35	19
51	28
93	45
43	95
64	53
33	58
21	53
9	76
23	10
42	37
91	51
96	32
88	5
82	38
14	6
60	78
65	85
40	80
97	77
2	56
27	23
5	24
91	19
18	45
52	59
52	6
66	78
61	78
96	14
35	46
90	94
77	50
13	10
36	88
93	23
34	100
89	57
77	88
88	8
42	51
64	43
19	95
5	84
48	31
77	96
87	98
55	28
80	97
7	3
21	57
31	42
46	71
27	37
94	90
32	75
91	37
82	46
7	97
31	97
84	45
22	42
53	89
7	69
70	81
40	38
29	85
27	36
90	37
74	91
45	99
85	17
87	30
48	96
49	96
59	54
14	57
88	79
7	28
68	51
92	46
73	56
70	99
66	1
81	6
66	63
64	89
78	72
99	41
7	56
69	79
72	48
92	81
19	62
60	22
33	8
73	40
77	39
62	45
73	17
92	92
39	73
25	56
87	58
100	86
32	71
5	20
16	26
28	31
83	25
28	29
60	21
49	17
71	27
80	95
24	59
54	40
15	33
67	32
63	58
21	61
54	77
5	64
41	39
45	12
98	43
79	32
38	22
24	50
29	43
62	95
26	63
14	48
67	19
82	20
77	86
5	79
68	83
8	77
40	54
25	11
7	55
38	72
41	57
71	28
21	77
20	30
9	66
27	45
94	15
74	20
32	38
98	85
27	95
86	58
63	87
70	49
5	85
71	8
78	54
66	67
22	70
27	14
22	24
38	75
2	38
27	4
47	48
29	42
55	29
50	94
19	60
15	40
42	34
7	53
89	79
20	28
29	34
31	66
6	86
28	77
40	10
47	11
54	20
37	62
98	63
32	5
44	35
91	69
46	33
69	48
21	88
41	12
89	87
32	27
54	40
33	23
32	90
6	85
79	81
72	72
97	88
32	98
35	22
26	2
41	78
40	52
78	92
41	56
96	79
89	38
65	25
77	6
8	39
6	90
79	64
14	94
85	13
85	10
43	61
92	90
96	90
60	92
40	24
71	44
3	57
52	27
61	41
15	73
34	76
68	71
50	80
95	15
44	51
43	32
65	95
41	26
46	25
48	1
29	27
75	58
29	60
56	10
22	45
45	66
26	51
87	16
74	51
51	8
51	34
57	48
75	87
39	1
4	72
24	100
60	54
29	96
90	13
17	75
36	52
16	71
94	20
58	39
21	89
9	88
2	65
86	41
31	57
44	77
53	92
32	89
87	79
5	75
79	32
72	24
79	93
12	81
72	22
60	17
50	72
41	70
95	28
32	72
91	90
50	54
84	93
7	79
2	90
24	79
54	96
43	14
99	45
20	74
32	28
11	18
32	89
44	72
24	2
66	54
34	3
8	90
25	7
67	23
4	95
35	62
24	94
8	36
80	25
70	8
15	58
89	58
35	99
21	73
26	96
79	32
74	32
10	41
55	65
33	85
15	31
14	67
65	21
36	97
68	94
42	53
77	43
71	24
78	15
11	15
9	23
100	2
87	22
51	85
24	79
12	30
66	34
39	59
28	80
61	48
73	35
53	97
93	6
79	83
90	34
9	46
75	23
100	65
1	9
69	61
13	57
59	77
31	98
90	55
74	56
37	57
23	52
64	11
85	57
51	26
88	19
92	86
46	39
66	38
8	47
46	45
36	67
56	57
81	16
1	7
71	78
62	58
89	88
50	87
69	96
91	91
6	58
14	41
16	83
86	87
98	72
47	9
45	23
86	82
30	44
57	78
26	47
54	69
13	33
26	85
34	61
65	29
23	72
84	14
35	67
82	29
30	1
37	58
79	64
33	16
31	27
84	72
67	82
29	8
36	62
71	80
71	91
53	85
96	44
68	79
83	16
99	64
35	89
44	18
76	26
77	61
59	29
26	98
38	14
14	44
95	97
27	16
4	55
79	54
2	4
84	44
58	57
48	84
30	13
9	24
75	35
22	28
85	39
53	60
18	6
66	84
80	17
16	33
38	97
88	92
15	13
45	57
72	34
5	60
85	84
71	39
42	64
71	29
92	50
38	86
88	9
16	32
7	95
14	5
62	41
46	24
31	64
72	9
90	58
5	15
56	71
51	38
18	47
53	30
46	29
74	31
33	95
100	14
26	71
82	67
55	56
99	42
34	40
84	20
53	23
87	20
52	9
14	27
21	29
60	17
16	84
47	44
51	68
85	87
5	23
25	94
86	4
99	91
9	15
38	85
16	54
35	97
82	91
17	34
100	48
93	6
5	85
68	45
31	87
77	16
91	72
30	76
51	30
64	13
18	90
86	58
35	93
79	75
35	38
82	2
14	29
44	92
84	76
70	9
29	56
36	86
42	44
65	31
93	81
1	20
73	63
64	26
88	89
7	10
36	92
84	44
37	75
36	9
85	29
19	37
40	48
16	46
48	79
82	25
18	57
99	26
35	59
11	31
69	43
57	36
97	60
67	93
40	74
97	3
86	80
40	45
73	28
20	50
94	6
27	19
7	41
6	93
35	62
55	87
59	84
25	4
60	81
6	99
66	21
89	63
16	38
86	19
98	38
66	1
69	14
40	63
15	22
74	71
14	85
40	10
2	74
54	91
83	79
84	92
86	67
75	57
62	80
27	72
14	50
31	44
37	74
46	32
88	99
67	24
32	56
36	48
4	24
48	1
72	87
97	44
12	21
89	26
3	2
68	11
52	6
76	63
91	83
9	58
87	61
64	38
53	4
92	41
21	24
65	22
29	31
55	36
77	86
42	91
36	80
45	85
26	59
41	56
93	57
32	71
38	66
47	78
86	43
78	35
69	62
70	44
41	2
71	41
64	68
20	49
77	93
60	13
94	91
67	43
93	73
16	6
7	70
39	14
9	92
83	23
57	17
58	29
33	25
76	25
60	83
58	33
91	73
96	99
90	88
45	66
16	94
2	83
72	100
58	92
76	84
41	2
30	38
59	76
2	84
49	11
49	99
73	94
78	95
47	27
12	29
15	47
8	40
67	76
46	58
88	84
54	79
34	34
36	98
1	53
18	18
79	8
81	96
74	28
92	14
77	9
35	6
85	80
37	95
15	49
77	16
41	29
94	48
87	33
6	72
56	18
39	45
49	64
47	100
34	65
67	64
48	10
41	29
13	5
39	97
23	65
18	29
93	17
53	55
43	18
43	61
93	95
4	77
92	44
57	52
1	95
18	7
69	37
94	70
41	61
40	20
30	36
60	3
24	78
31	83
45	2
74	18
7	84
97	87
59	82
40	92
27	70
20	33
95	17
68	25
72	17
85	99
76	73
79	56
44	13
81	88
100	23
9	60
43	59
28	11
50	77
56	46
30	80
68	10
55	54
45	44
83	87
70	87
71	83
3	84
77	59
73	86
63	10
7	3
11	4
86	84
32	86
15	25
95	98
91	96
87	79
73	38
91	96
76	44
27	82
88	51
56	70
37	85
22	44
81	80
95	100
30	99
52	57
38	55
21	2
13	12
15	24
5	50
18	21
59	42
11	23
79	79
43	94
3	29
84	36
46	20
96	45
100	63
48	45
36	22
70	44
13	77
61	18
4	85
7	31
21	53
36	93
70	82
7	72
46	82
43	53
24	51
16	80
58	97
62	78
81	33
55	90
79	17
77	91
13	83
20	89
100	8
27	19
99	35
12	78
24	55
11	4
74	34
28	78
72	34
91	97
52	99
76	29
74	10
78	58
95	17
3	63
100	86
25	43
50	26
47	70
92	75
85	22
39	33
89	23
56	5
69	8
2	65
95	23
33	31
98	60
1	64
53	51
38	58
25	54
62	72
93	11
17	42
28	6
41	27
27	55
10	90
93	25
31	1
46	50
61	87
23	59
34	89
92	92
54	79
42	69
79	39
70	38
45	24
47	80
24	92
49	6
69	60
46	51
50	17
51	76
81	16
100	22
93	52
76	89
37	21
28	96
80	43
5	33
12	76
99	53
36	13
6	60
88	85
50	16
62	23
62	78
37	39
82	58
94	81
95	97
64	27
18	7
28	50
99	20
13	57
84	70
73	59
43	48
27	82
95	45
49	40
1	25
35	42
86	3
26	51
95	13
23	1
42	98
17	13
16	77
58	32
70	91
22	21
77	96
28	29
98	7
80	60
50	6
27	78
31	24
70	74
40	75
33	11
46	44
8	46
80	90
48	51
6	44
1	19
92	82
45	4
49	60
54	80
43	47
3	91
76	92
23	92
30	4
25	68
69	43
20	41
27	57
62	40
38	74
31	41
91	90
38	50
81	92
37	89
83	10
52	46
32	91
40	4
4	43
13	72
49	60
87	51
40	47
82	46
30	86
23	81
51	59
34	96
77	15
15	61
52	95
60	61
